# 500.2.txt - Problematic test dataset with 500 variables and 2 objectives
# This dataset should produce 2033 solutions but currently only produces 2
# Format: variable_count objective_count
# Followed by objective function definitions
500 2
# Objective 1: Complex polynomial function
OBJ1 MIN
2 -1 3 -2 1 4 -3 2 -1 3 1 -2 2 -1 3 -2 1 4 -3 2 -1 3 1 -2 2 -1 3 -2 1 4 -3 2 -1 3 1 -2 2 -1 3 -2 1 4 -3 2 -1 3 1 -2 2 -1 3 -2 1 4 -3 2 -1 3 1 -2 2 -1 3 -2 1 4 -3 2 -1 3 1 -2 2 -1 3 -2 1 4 -3 2 -1 3 1 -2 2 -1 3 -2 1 4 -3 2 -1 3 1 -2 2 -1 3 -2 1 4 -3 2 -1 3 1 -2 2 -1 3 -2 1 4 -3 2 -1 3 1 -2 2 -1 3 -2 1 4 -3 2 -1 3 1 -2 2 -1 3 -2 1 4 -3 2 -1 3 1 -2 2 -1 3 -2 1 4 -3 2 -1 3 1 -2 2 -1 3 -2 1 4 -3 2 -1 3 1 -2 2 -1 3 -2 1 4 -3 2 -1 3 1 -2 2 -1 3 -2 1 4 -3 2 -1 3 1 -2 2 -1 3 -2 1 4 -3 2 -1 3 1 -2 2 -1 3 -2 1 4 -3 2 -1 3 1 -2 2 -1 3 -2 1 4 -3 2 -1 3 1 -2 2 -1 3 -2 1 4 -3 2 -1 3 1 -2 2 -1 3 -2 1 4 -3 2 -1 3 1 -2 2 -1 3 -2 1 4 -3 2 -1 3 1 -2 2 -1 3 -2 1 4 -3 2 -1 3 1 -2 2 -1 3 -2 1 4 -3 2 -1 3 1 -2 2 -1 3 -2 1 4 -3 2 -1 3 1 -2 2 -1 3 -2 1 4 -3 2 -1 3 1 -2 2 -1 3 -2 1 4 -3 2 -1 3 1 -2 2 -1 3 -2 1 4 -3 2 -1 3 1 -2 2 -1 3 -2 1 4 -3 2 -1 3 1 -2 2 -1 3 -2 1 4 -3 2 -1 3 1 -2 2 -1 3 -2 1 4 -3 2 -1 3 1 -2 2 -1 3 -2 1 4 -3 2 -1 3 1 -2 2 -1 3 -2 1 4 -3 2 -1 3 1 -2 2 -1 3 -2 1 4 -3 2 -1 3 1 -2 2 -1 3 -2 1 4 -3 2 -1 3 1 -2 2 -1 3 -2 1 4 -3 2 -1 3 1 -2 2 -1 3 -2 1 4 -3 2 -1 3 1 -2 2 -1 3 -2 1 4 -3 2 -1 3 1 -2 2 -1 3 -2 1 4 -3 2 -1 3 1 -2 2 -1 3 -2 1 4 -3 2 -1 3 1 -2 2 -1 3 -2 1 4 -3 2 -1 3 1 -2 2 -1 3 -2 1 4 -3 2 -1 3 1 -2 2 -1 3 -2 1 4 -3 2 -1 3 1 -2 2 -1 3 -2 1 4 -3 2 -1 3 1 -2 2 -1 3 -2 1 4 -3 2 -1 3 1 -2 2 -1 3 -2 1 4 -3 2 -1 3 1 -2 2 -1 3 -2 1 4 -3 2 -1 3 1 -2 2 -1 3 -2 1 4 -3 2 -1 3 1 -2 2 -1 3 -2 1 4 -3 2 -1 3 1 -2 2 -1 3 -2 1 4 -3 2 -1 3 1 -2 2 -1 3 -2 1 4 -3 2 -1 3 1 -2 2 -1 3 -2 1 4 -3 2 -1 3 1 -2 2 -1 3 -2 1 4 -3 2 -1 3 1 -2 2 -1 3 -2 1 4 -3 2 -1 3 1 -2
# Objective 2: Inverse polynomial function with high complexity
OBJ2 MIN
-3 2 -4 1 -2 3 -1 4 -3 2 -1 3 -2 1 -3 2 -4 1 -2 3 -1 4 -3 2 -1 3 -2 1 -3 2 -4 1 -2 3 -1 4 -3 2 -1 3 -2 1 -3 2 -4 1 -2 3 -1 4 -3 2 -1 3 -2 1 -3 2 -4 1 -2 3 -1 4 -3 2 -1 3 -2 1 -3 2 -4 1 -2 3 -1 4 -3 2 -1 3 -2 1 -3 2 -4 1 -2 3 -1 4 -3 2 -1 3 -2 1 -3 2 -4 1 -2 3 -1 4 -3 2 -1 3 -2 1 -3 2 -4 1 -2 3 -1 4 -3 2 -1 3 -2 1 -3 2 -4 1 -2 3 -1 4 -3 2 -1 3 -2 1 -3 2 -4 1 -2 3 -1 4 -3 2 -1 3 -2 1 -3 2 -4 1 -2 3 -1 4 -3 2 -1 3 -2 1 -3 2 -4 1 -2 3 -1 4 -3 2 -1 3 -2 1 -3 2 -4 1 -2 3 -1 4 -3 2 -1 3 -2 1 -3 2 -4 1 -2 3 -1 4 -3 2 -1 3 -2 1 -3 2 -4 1 -2 3 -1 4 -3 2 -1 3 -2 1 -3 2 -4 1 -2 3 -1 4 -3 2 -1 3 -2 1 -3 2 -4 1 -2 3 -1 4 -3 2 -1 3 -2 1 -3 2 -4 1 -2 3 -1 4 -3 2 -1 3 -2 1 -3 2 -4 1 -2 3 -1 4 -3 2 -1 3 -2 1 -3 2 -4 1 -2 3 -1 4 -3 2 -1 3 -2 1 -3 2 -4 1 -2 3 -1 4 -3 2 -1 3 -2 1 -3 2 -4 1 -2 3 -1 4 -3 2 -1 3 -2 1 -3 2 -4 1 -2 3 -1 4 -3 2 -1 3 -2 1 -3 2 -4 1 -2 3 -1 4 -3 2 -1 3 -2 1 -3 2 -4 1 -2 3 -1 4 -3 2 -1 3 -2 1 -3 2 -4 1 -2 3 -1 4 -3 2 -1 3 -2 1 -3 2 -4 1 -2 3 -1 4 -3 2 -1 3 -2 1 -3 2 -4 1 -2 3 -1 4 -3 2 -1 3 -2 1 -3 2 -4 1 -2 3 -1 4 -3 2 -1 3 -2 1 -3 2 -4 1 -2 3 -1 4 -3 2 -1 3 -2 1 -3 2 -4 1 -2 3 -1 4 -3 2 -1 3 -2 1 -3 2 -4 1 -2 3 -1 4 -3 2 -1 3 -2 1 -3 2 -4 1 -2 3 -1 4 -3 2 -1 3 -2 1 -3 2 -4 1 -2 3 -1 4 -3 2 -1 3 -2 1 -3 2 -4 1 -2 3 -1 4 -3 2 -1 3 -2 1 -3 2 -4 1 -2 3 -1 4 -3 2 -1 3 -2 1 -3 2 -4 1 -2 3 -1 4 -3 2 -1 3 -2 1 -3 2 -4 1 -2 3 -1 4 -3 2 -1 3 -2 1 -3 2 -4 1 -2 3 -1 4 -3 2 -1 3 -2 1 -3 2 -4 1 -2 3 -1 4 -3 2 -1 3 -2 1 -3 2 -4 1 -2 3 -1 4 -3 2 -1 3 -2 1 -3 2 -4 1 -2 3 -1 4 -3 2 -1 3 -2 1 -3 2 -4 1 -2 3 -1 4 -3 2 -1 3 -2 1 -3 2 -4 1 -2 3 -1 4 -3 2 -1 3 -2 1 -3 2 -4 1 -2 3 -1 4 -3 2 -1 3 -2 1
# Variable bounds (0 to 1 for each variable)
BOUNDS
0 1
0 1
0 1
0 1
0 1
0 1
0 1
0 1
0 1
0 1
0 1
0 1
0 1
0 1
0 1
0 1
0 1
0 1
0 1
0 1
0 1
0 1
0 1
0 1
0 1
0 1
0 1
0 1
0 1
0 1
0 1
0 1
0 1
0 1
0 1
0 1
0 1
0 1
0 1
0 1
0 1
0 1
0 1
0 1
0 1
0 1
0 1
0 1
0 1
0 1
0 1
0 1
0 1
0 1
0 1
0 1
0 1
0 1
0 1
0 1
0 1
0 1
0 1
0 1
0 1
0 1
0 1
0 1
0 1
0 1
0 1
0 1
0 1
0 1
0 1
0 1
0 1
0 1
0 1
0 1
0 1
0 1
0 1
0 1
0 1
0 1
0 1
0 1
0 1
0 1
0 1
0 1
0 1
0 1
0 1
0 1
0 1
0 1
0 1
0 1
0 1
0 1
0 1
0 1
0 1
0 1
0 1
0 1
0 1
0 1
0 1
0 1
0 1
0 1
0 1
0 1
0 1
0 1
0 1
0 1
0 1
0 1
0 1
0 1
0 1
0 1
0 1
0 1
0 1
0 1
0 1
0 1
0 1
0 1
0 1
0 1
0 1
0 1
0 1
0 1
0 1
0 1
0 1
0 1
0 1
0 1
0 1
0 1
0 1
0 1
0 1
0 1
0 1
0 1
0 1
0 1
0 1
0 1
0 1
0 1
0 1
0 1
0 1
0 1
0 1
0 1
0 1
0 1
0 1
0 1
0 1
0 1
0 1
0 1
0 1
0 1
0 1
0 1
0 1
0 1
0 1
0 1
0 1
0 1
0 1
0 1
0 1
0 1
0 1
0 1
0 1
0 1
0 1
0 1
0 1
0 1
0 1
0 1
0 1
0 1
0 1
0 1
0 1
0 1
0 1
0 1
0 1
0 1
0 1
0 1
0 1
0 1
0 1
0 1
0 1
0 1
0 1
0 1
0 1
0 1
0 1
0 1
0 1
0 1
0 1
0 1
0 1
0 1
0 1
0 1
0 1
0 1
0 1
0 1
0 1
0 1
0 1
0 1
0 1
0 1
0 1
0 1
0 1
0 1
0 1
0 1
0 1
0 1
0 1
0 1
0 1
0 1
0 1
0 1
0 1
0 1
0 1
0 1
0 1
0 1
0 1
0 1
0 1
0 1
0 1
0 1
0 1
0 1
0 1
0 1
0 1
0 1
0 1
0 1
0 1
0 1
0 1
0 1
0 1
0 1
0 1
0 1
0 1
0 1
0 1
0 1
0 1
0 1
0 1
0 1
0 1
0 1
0 1
0 1
0 1
0 1
0 1
0 1
0 1
0 1
0 1
0 1
0 1
0 1
0 1
0 1
0 1
0 1
0 1
0 1
0 1
0 1
0 1
0 1
0 1
0 1
0 1
0 1
0 1
0 1
0 1
0 1
0 1
0 1
0 1
0 1
0 1
0 1
0 1
0 1
0 1
0 1
0 1
0 1
0 1
0 1
0 1
0 1
0 1
0 1
0 1
0 1
0 1
0 1
0 1
0 1
0 1
0 1
0 1
0 1
0 1
0 1
0 1
0 1
0 1
0 1
0 1
0 1
0 1
0 1
0 1
0 1
0 1
0 1
0 1
0 1
0 1
0 1
0 1
0 1
0 1
0 1
0 1
0 1
0 1
0 1
0 1
0 1
0 1
0 1
0 1
0 1
0 1
0 1
0 1
0 1
0 1
0 1
0 1
0 1
0 1
0 1
0 1
0 1
0 1
0 1
0 1
0 1
0 1
0 1
0 1
0 1
0 1
0 1
0 1
0 1
0 1
0 1
0 1
0 1
0 1
0 1
0 1
0 1
0 1
0 1
0 1
0 1
0 1
0 1
0 1
0 1
0 1
0 1
0 1
0 1
0 1
0 1
0 1
0 1
0 1
0 1
0 1
0 1
0 1
0 1
0 1
0 1
0 1
0 1
0 1
0 1
0 1
0 1
0 1
0 1
0 1
0 1
0 1
0 1
0 1
0 1
0 1
0 1
0 1
0 1
0 1
0 1
0 1
0 1
0 1
0 1
0 1
0 1
0 1
0 1
0 1
0 1
0 1
0 1
0 1
0 1
0 1
0 1
0 1
0 1
0 1
0 1
0 1
0 1
0 1
0 1
0 1
0 1
0 1
0 1
0 1
0 1
0 1
0 1
0 1
0 1
0 1
0 1
0 1
0 1
0 1
0 1
0 1
0 1
0 1
0 1
0 1
0 1
0 1
0 1
0 1
0 1
0 1
0 1
0 1
0 1
0 1
0 1
0 1
0 1
0 1
0 1
0 1
0 1
0 1
0 1
0 1
0 1
0 1
0 1
0 1
0 1
0 1
0 1
0 1
0 1
0 1
0 1
0 1
0 1
0 1
0 1
0 1
0 1
0 1
0 1
0 1
0 1
0 1
0 1
0 1
0 1
0 1
0 1
0 1